-------------------------------------------------------------------------------
Language                     files          blank        comment           code
-------------------------------------------------------------------------------
C                              160           3617           6572          16844
Java                           118           2014           4436           8514
C++                             52            914           1055           3762
PHP                             17            911            439           3198
C/C++ Header                   108            601            884           1771
Assembly                        17            218            507           1198
C#                              14            194            185           1114
Racket                           3            186            264            907
Arduino Sketch                   5            110            205            691
SQL                              3            104              0            675
Scheme                          10             74            303            392
make                            26            137             58            326
HTML                             5             71             55            295
Bourne Shell                    11             26             15            169
Perl                             1             18              0            132
R                                1             20             78             73
Prolog                           3             18            126             61
DOS Batch                        2              8              7             32
PowerShell                       1              7              0             15
TeX                              1              4              2              6
-------------------------------------------------------------------------------
SUM:                           558           9252          15191          40175
-------------------------------------------------------------------------------
